Predicted Ratings (User-based CF, Cosine Similarity):
0.00 0.00 0.00 0.00 0.00 0.00 8.57 0.00 0.00 0.00
0.00 0.00 0.00 0.00 0.00 0.00 8.56 0.00 7.46 7.64
0.00 0.00 0.00 0.00 0.00 0.00 0.00 0.00 0.00 0.00
0.00 0.00 0.00 0.00 0.00 0.00 0.00 0.00 0.00 0.00
0.00 0.00 0.00 0.00 0.00 8.55 0.00 0.00 0.00 0.00
0.00 0.00 8.45 0.00 0.00 0.00 8.57 0.00 0.00 0.00
0.00 0.00 0.00 0.00 0.00 0.00 0.00 0.00 0.00 0.00
0.00 0.00 0.00 0.00 0.00 0.00 8.57 0.00 7.46 0.00
0.00 0.00 0.00 0.00 0.00 0.00 0.00 0.00 0.00 0.00
0.00 0.00 0.00 8.36 0.00 0.00 0.00 0.00 0.00 0.00
8.39 0.00 0.00 0.00 0.00 0.00 0.00 0.00 0.00 0.00
0.00 0.00 0.00 8.36 0.00 8.56 8.56 0.00 0.00 0.00
0.00 0.00 0.00 0.00 0.00 0.00 0.00 0.00 0.00 0.00
0.00 0.00 0.00 0.00 0.00 0.00 0.00 0.00 0.00 7.64
0.00 0.00 0.00 0.00 0.00 0.00 0.00 0.00 0.00 0.00
0.00 0.00 0.00 0.00 0.00 0.00 0.00 7.41 7.47 0.00
0.00 0.00 0.00 0.00 0.00 0.00 0.00 0.00 7.46 0.00
0.00 0.00 0.00 0.00 0.00 0.00 8.57 0.00 0.00 0.00
0.00 0.00 0.00 0.00 0.00 0.00 0.00 0.00 0.00 0.00
0.00 0.00 0.00 0.00 8.69 0.00 0.00 7.42 0.00 0.00
0.00 0.00 0.00 0.00 0.00 0.00 0.00 0.00 0.00 0.00
0.00 0.00 0.00 0.00 0.00 0.00 0.00 0.00 0.00 0.00
0.00 0.00 0.00 0.00 0.00 0.00 0.00 7.42 0.00 0.00
0.00 0.00 0.00 0.00 0.00 0.00 0.00 7.42 0.00 0.00
0.00 0.00 0.00 0.00 0.00 0.00 0.00 0.00 7.46 0.00
0.00 0.00 0.00 0.00 0.00 0.00 8.57 0.00 0.00 0.00
0.00 0.00 0.00 0.00 8.68 0.00 8.58 0.00 0.00 0.00
0.00 0.00 0.00 0.00 0.00 0.00 8.57 0.00 0.00 0.00
0.00 0.00 0.00 0.00 0.00 0.00 0.00 0.00 0.00 0.00
0.00 0.00 8.46 0.00 0.00 0.00 0.00 0.00 0.00 0.00
0.00 8.57 0.00 0.00 0.00 0.00 0.00 0.00 0.00 0.00
0.00 0.00 0.00 0.00 0.00 0.00 0.00 7.42 0.00 0.00
0.00 0.00 0.00 0.00 8.68 0.00 0.00 0.00 0.00 0.00
0.00 0.00 0.00 8.36 0.00 0.00 0.00 0.00 0.00 0.00
0.00 0.00 0.00 0.00 0.00 0.00 0.00 7.41 0.00 0.00
0.00 0.00 0.00 0.00 0.00 8.55 0.00 0.00 0.00 7.64
0.00 0.00 0.00 8.35 8.68 0.00 0.00 0.00 0.00 0.00
0.00 0.00 0.00 0.00 0.00 0.00 0.00 0.00 0.00 0.00
0.00 0.00 0.00 0.00 0.00 0.00 0.00 0.00 0.00 0.00
8.39 0.00 0.00 0.00 8.68 0.00 0.00 0.00 0.00 0.00
8.39 0.00 0.00 0.00 8.68 0.00 0.00 0.00 0.00 7.65
0.00 0.00 0.00 8.36 0.00 0.00 0.00 0.00 0.00 0.00
0.00 0.00 0.00 0.00 0.00 8.54 0.00 0.00 0.00 0.00
0.00 0.00 0.00 8.36 0.00 0.00 8.56 7.41 7.46 7.65
0.00 0.00 0.00 0.00 0.00 0.00 0.00 0.00 0.00 0.00
8.39 0.00 0.00 0.00 0.00 0.00 0.00 0.00 0.00 0.00
8.39 0.00 0.00 0.00 0.00 0.00 0.00 0.00 7.46 0.00
0.00 0.00 0.00 0.00 0.00 0.00 8.57 0.00 0.00 0.00
0.00 0.00 0.00 0.00 0.00 8.55 0.00 0.00 0.00 7.64
0.00 0.00 0.00 0.00 0.00 0.00 8.56 0.00 0.00 7.64


Predicted Ratings (Item-based CF, Cosine Similarity):
0.00 0.00 0.00 0.00 0.00 0.00 8.46 0.00 0.00 0.00
0.00 0.00 0.00 0.00 0.00 0.00 8.16 0.00 8.14 8.16
0.00 0.00 0.00 0.00 0.00 0.00 0.00 0.00 0.00 0.00
0.00 0.00 0.00 0.00 0.00 0.00 0.00 0.00 0.00 0.00
0.00 0.00 0.00 0.00 0.00 7.89 0.00 0.00 0.00 0.00
0.00 0.00 8.00 0.00 0.00 0.00 7.99 0.00 0.00 0.00
0.00 0.00 0.00 0.00 0.00 0.00 0.00 0.00 0.00 0.00
0.00 0.00 0.00 0.00 0.00 0.00 8.37 0.00 8.38 0.00
0.00 0.00 0.00 0.00 0.00 0.00 0.00 0.00 0.00 0.00
0.00 0.00 0.00 8.22 0.00 0.00 0.00 0.00 0.00 0.00
8.10 0.00 0.00 0.00 0.00 0.00 0.00 0.00 0.00 0.00
0.00 0.00 0.00 7.87 0.00 7.87 7.87 0.00 0.00 0.00
0.00 0.00 0.00 0.00 0.00 0.00 0.00 0.00 0.00 0.00
0.00 0.00 0.00 0.00 0.00 0.00 0.00 0.00 0.00 8.23
0.00 0.00 0.00 0.00 0.00 0.00 0.00 0.00 0.00 0.00
0.00 0.00 0.00 0.00 0.00 0.00 0.00 8.39 8.38 0.00
0.00 0.00 0.00 0.00 0.00 0.00 0.00 0.00 8.11 0.00
0.00 0.00 0.00 0.00 0.00 0.00 8.54 0.00 0.00 0.00
0.00 0.00 0.00 0.00 0.00 0.00 0.00 0.00 0.00 0.00
0.00 0.00 0.00 0.00 8.49 0.00 0.00 8.50 0.00 0.00
0.00 0.00 0.00 0.00 0.00 0.00 0.00 0.00 0.00 0.00
0.00 0.00 0.00 0.00 0.00 0.00 0.00 0.00 0.00 0.00
0.00 0.00 0.00 0.00 0.00 0.00 0.00 8.32 0.00 0.00
0.00 0.00 0.00 0.00 0.00 0.00 0.00 8.45 0.00 0.00
0.00 0.00 0.00 0.00 0.00 0.00 0.00 0.00 8.22 0.00
0.00 0.00 0.00 0.00 0.00 0.00 8.00 0.00 0.00 0.00
0.00 0.00 0.00 0.00 7.88 0.00 7.87 0.00 0.00 0.00
0.00 0.00 0.00 0.00 0.00 0.00 8.11 0.00 0.00 0.00
0.00 0.00 0.00 0.00 0.00 0.00 0.00 0.00 0.00 0.00
0.00 0.00 8.34 0.00 0.00 0.00 0.00 0.00 0.00 0.00
0.00 8.22 0.00 0.00 0.00 0.00 0.00 0.00 0.00 0.00
0.00 0.00 0.00 0.00 0.00 0.00 0.00 8.66 0.00 0.00
0.00 0.00 0.00 0.00 8.24 0.00 0.00 0.00 0.00 0.00
0.00 0.00 0.00 8.22 0.00 0.00 0.00 0.00 0.00 0.00
0.00 0.00 0.00 0.00 0.00 0.00 0.00 8.45 0.00 0.00
0.00 0.00 0.00 0.00 0.00 8.39 0.00 0.00 0.00 8.39
0.00 0.00 0.00 8.26 8.25 0.00 0.00 0.00 0.00 0.00
0.00 0.00 0.00 0.00 0.00 0.00 0.00 0.00 0.00 0.00
0.00 0.00 0.00 0.00 0.00 0.00 0.00 0.00 0.00 0.00
8.25 0.00 0.00 0.00 8.26 0.00 0.00 0.00 0.00 0.00
8.28 0.00 0.00 0.00 8.28 0.00 0.00 0.00 0.00 8.29
0.00 0.00 0.00 8.23 0.00 0.00 0.00 0.00 0.00 0.00
0.00 0.00 0.00 0.00 0.00 8.32 0.00 0.00 0.00 0.00
0.00 0.00 0.00 8.59 0.00 0.00 8.58 8.59 8.59 8.59
0.00 0.00 0.00 0.00 0.00 0.00 0.00 0.00 0.00 0.00
8.11 0.00 0.00 0.00 0.00 0.00 0.00 0.00 0.00 0.00
8.12 0.00 0.00 0.00 0.00 0.00 0.00 0.00 8.13 0.00
0.00 0.00 0.00 0.00 0.00 0.00 8.22 0.00 0.00 0.00
0.00 0.00 0.00 0.00 0.00 8.51 0.00 0.00 0.00 8.50
0.00 0.00 0.00 0.00 0.00 0.00 8.12 0.00 0.00 8.13


Predicted Ratings (User-based CF, Pearson Correlation):
0.00 0.00 0.00 0.00 0.00 0.00 8.54 0.00 0.00 0.00
0.00 0.00 0.00 0.00 0.00 0.00 8.59 0.00 nan nan
0.00 0.00 0.00 0.00 0.00 0.00 0.00 0.00 0.00 0.00
0.00 0.00 0.00 0.00 0.00 0.00 0.00 0.00 0.00 0.00
0.00 0.00 0.00 0.00 0.00 8.55 0.00 0.00 0.00 0.00
0.00 0.00 8.48 0.00 0.00 0.00 8.57 0.00 0.00 0.00
0.00 0.00 0.00 0.00 0.00 0.00 0.00 0.00 0.00 0.00
0.00 0.00 0.00 0.00 0.00 0.00 8.73 0.00 nan 0.00
0.00 0.00 0.00 0.00 0.00 0.00 0.00 0.00 0.00 0.00
0.00 0.00 0.00 8.42 0.00 0.00 0.00 0.00 0.00 0.00
8.42 0.00 0.00 0.00 0.00 0.00 0.00 0.00 0.00 0.00
0.00 0.00 0.00 8.24 0.00 8.50 8.52 0.00 0.00 0.00
0.00 0.00 0.00 0.00 0.00 0.00 0.00 0.00 0.00 0.00
0.00 0.00 0.00 0.00 0.00 0.00 0.00 0.00 0.00 7.65
0.00 0.00 0.00 0.00 0.00 0.00 0.00 0.00 0.00 0.00
0.00 0.00 0.00 0.00 0.00 0.00 0.00 nan nan 0.00
0.00 0.00 0.00 0.00 0.00 0.00 0.00 0.00 nan 0.00
0.00 0.00 0.00 0.00 0.00 0.00 8.62 0.00 0.00 0.00
0.00 0.00 0.00 0.00 0.00 0.00 0.00 0.00 0.00 0.00
0.00 0.00 0.00 0.00 nan 0.00 0.00 nan 0.00 0.00
0.00 0.00 0.00 0.00 0.00 0.00 0.00 0.00 0.00 0.00
0.00 0.00 0.00 0.00 0.00 0.00 0.00 0.00 0.00 0.00
0.00 0.00 0.00 0.00 0.00 0.00 0.00 nan 0.00 0.00
0.00 0.00 0.00 0.00 0.00 0.00 0.00 nan 0.00 0.00
0.00 0.00 0.00 0.00 0.00 0.00 0.00 0.00 nan 0.00
0.00 0.00 0.00 0.00 0.00 0.00 8.65 0.00 0.00 0.00
0.00 0.00 0.00 0.00 nan 0.00 nan 0.00 0.00 0.00
0.00 0.00 0.00 0.00 0.00 0.00 8.59 0.00 0.00 0.00
0.00 0.00 0.00 0.00 0.00 0.00 0.00 0.00 0.00 0.00
0.00 0.00 8.48 0.00 0.00 0.00 0.00 0.00 0.00 0.00
0.00 8.51 0.00 0.00 0.00 0.00 0.00 0.00 0.00 0.00
0.00 0.00 0.00 0.00 0.00 0.00 0.00 nan 0.00 0.00
0.00 0.00 0.00 0.00 8.59 0.00 0.00 0.00 0.00 0.00
0.00 0.00 0.00 8.30 0.00 0.00 0.00 0.00 0.00 0.00
0.00 0.00 0.00 0.00 0.00 0.00 0.00 nan 0.00 0.00
0.00 0.00 0.00 0.00 0.00 nan 0.00 0.00 0.00 7.64
0.00 0.00 0.00 8.32 8.61 0.00 0.00 0.00 0.00 0.00
0.00 0.00 0.00 0.00 0.00 0.00 0.00 0.00 0.00 0.00
0.00 0.00 0.00 0.00 0.00 0.00 0.00 0.00 0.00 0.00
8.40 0.00 0.00 0.00 8.67 0.00 0.00 0.00 0.00 0.00
8.39 0.00 0.00 0.00 8.59 0.00 0.00 0.00 0.00 7.69
0.00 0.00 0.00 8.39 0.00 0.00 0.00 0.00 0.00 0.00
0.00 0.00 0.00 0.00 0.00 8.55 0.00 0.00 0.00 0.00
0.00 0.00 0.00 nan 0.00 0.00 nan nan nan nan
0.00 0.00 0.00 0.00 0.00 0.00 0.00 0.00 0.00 0.00
8.40 0.00 0.00 0.00 0.00 0.00 0.00 0.00 0.00 0.00
nan 0.00 0.00 0.00 0.00 0.00 0.00 0.00 nan 0.00
0.00 0.00 0.00 0.00 0.00 0.00 8.69 0.00 0.00 0.00
0.00 0.00 0.00 0.00 0.00 8.61 0.00 0.00 0.00 7.61
0.00 0.00 0.00 0.00 0.00 0.00 8.73 0.00 0.00 7.64


Predicted Ratings (Item-based CF, Pearson Correlation):
0.00 0.00 0.00 0.00 0.00 0.00 8.36 0.00 0.00 0.00
0.00 0.00 0.00 0.00 0.00 0.00 8.13 0.00 8.14 7.25
0.00 0.00 0.00 0.00 0.00 0.00 0.00 0.00 0.00 0.00
0.00 0.00 0.00 0.00 0.00 0.00 0.00 0.00 0.00 0.00
0.00 0.00 0.00 0.00 0.00 7.79 0.00 0.00 0.00 0.00
0.00 0.00 8.00 0.00 0.00 0.00 8.52 0.00 0.00 0.00
0.00 0.00 0.00 0.00 0.00 0.00 0.00 0.00 0.00 0.00
0.00 0.00 0.00 0.00 0.00 0.00 8.96 0.00 8.51 0.00
0.00 0.00 0.00 0.00 0.00 0.00 0.00 0.00 0.00 0.00
0.00 0.00 0.00 8.38 0.00 0.00 0.00 0.00 0.00 0.00
8.38 0.00 0.00 0.00 0.00 0.00 0.00 0.00 0.00 0.00
0.00 0.00 0.00 7.51 0.00 7.17 7.93 0.00 0.00 0.00
0.00 0.00 0.00 0.00 0.00 0.00 0.00 0.00 0.00 0.00
0.00 0.00 0.00 0.00 0.00 0.00 0.00 0.00 0.00 7.50
0.00 0.00 0.00 0.00 0.00 0.00 0.00 0.00 0.00 0.00
0.00 0.00 0.00 0.00 0.00 0.00 0.00 8.17 8.50 0.00
0.00 0.00 0.00 0.00 0.00 0.00 0.00 0.00 8.13 0.00
0.00 0.00 0.00 0.00 0.00 0.00 8.96 0.00 0.00 0.00
0.00 0.00 0.00 0.00 0.00 0.00 0.00 0.00 0.00 0.00
0.00 0.00 0.00 0.00 8.32 0.00 0.00 8.50 0.00 0.00
0.00 0.00 0.00 0.00 0.00 0.00 0.00 0.00 0.00 0.00
0.00 0.00 0.00 0.00 0.00 0.00 0.00 0.00 0.00 0.00
0.00 0.00 0.00 0.00 0.00 0.00 0.00 8.29 0.00 0.00
0.00 0.00 0.00 0.00 0.00 0.00 0.00 8.74 0.00 0.00
0.00 0.00 0.00 0.00 0.00 0.00 0.00 0.00 8.00 0.00
0.00 0.00 0.00 0.00 0.00 0.00 8.17 0.00 0.00 0.00
0.00 0.00 0.00 0.00 7.46 0.00 8.00 0.00 0.00 0.00
0.00 0.00 0.00 0.00 0.00 0.00 8.74 0.00 0.00 0.00
0.00 0.00 0.00 0.00 0.00 0.00 0.00 0.00 0.00 0.00
0.00 0.00 9.00 0.00 0.00 0.00 0.00 0.00 0.00 0.00
0.00 7.99 0.00 0.00 0.00 0.00 0.00 0.00 0.00 0.00
0.00 0.00 0.00 0.00 0.00 0.00 0.00 8.66 0.00 0.00
0.00 0.00 0.00 0.00 7.55 0.00 0.00 0.00 0.00 0.00
0.00 0.00 0.00 8.12 0.00 0.00 0.00 0.00 0.00 0.00
0.00 0.00 0.00 0.00 0.00 0.00 0.00 8.50 0.00 0.00
0.00 0.00 0.00 0.00 0.00 7.79 0.00 0.00 0.00 7.50
0.00 0.00 0.00 7.79 7.38 0.00 0.00 0.00 0.00 0.00
0.00 0.00 0.00 0.00 0.00 0.00 0.00 0.00 0.00 0.00
0.00 0.00 0.00 0.00 0.00 0.00 0.00 0.00 0.00 0.00
8.33 0.00 0.00 0.00 8.21 0.00 0.00 0.00 0.00 0.00
8.42 0.00 0.00 0.00 7.46 0.00 0.00 0.00 0.00 8.00
0.00 0.00 0.00 8.20 0.00 0.00 0.00 0.00 0.00 0.00
0.00 0.00 0.00 0.00 0.00 8.23 0.00 0.00 0.00 0.00
0.00 0.00 0.00 8.95 0.00 0.00 9.00 8.75 8.99 9.00
0.00 0.00 0.00 0.00 0.00 0.00 0.00 0.00 0.00 0.00
8.36 0.00 0.00 0.00 0.00 0.00 0.00 0.00 0.00 0.00
8.11 0.00 0.00 0.00 0.00 0.00 0.00 0.00 8.00 0.00
0.00 0.00 0.00 0.00 0.00 0.00 8.96 0.00 0.00 0.00
0.00 0.00 0.00 0.00 0.00 8.32 0.00 0.00 0.00 8.25
0.00 0.00 0.00 0.00 0.00 0.00 8.73 0.00 0.00 8.00
